z[m] p[mb] tp[K] q[g/kg] u[m/s] v[m/s]
336.0, 131, 1015.40 day, levels, pres0
    0  -999.00  297.90  16.00   -9.90   -3.80
  100  -999.00  297.90  15.70   -9.70   -3.80
  200  -999.00  297.90  15.41   -9.50   -3.80
  300  -999.00  297.90  15.12   -9.30   -3.80
  400  -999.00  297.90  14.81   -9.10   -3.80
  500  -999.00  297.90  14.51   -8.90   -3.80
  600  -999.00  297.90  14.22   -8.70   -3.80
  700  -999.00  297.90  13.92   -8.50   -3.80
  800  -999.00  298.25  13.58   -8.30   -3.80
  900  -999.00  298.84  13.20   -8.10   -3.80
 1000  -999.00  299.42  12.83   -7.90   -3.80
 1100  -999.00  300.01  12.46   -7.70   -3.80
 1200  -999.00  300.60  12.08   -7.50   -3.80
 1300  -999.00  301.18  11.71   -7.30   -3.80
 1400  -999.00  301.77  11.34   -7.10   -3.80
 1500  -999.00  302.35  10.97   -6.90   -3.80
 1600  -999.00  302.94  10.59   -6.70   -3.80
 1700  -999.00  303.52  10.22   -6.50   -3.80
 1800  -999.00  304.11   9.85   -6.30   -3.80
 1900  -999.00  304.70   9.47   -6.10   -3.80
 2000  -999.00  305.28   9.10   -5.90   -3.80
 2100  -999.00  305.83   8.70   -5.66   -3.76
 2200  -999.00  306.38   8.29   -5.42   -3.72
 2300  -999.00  306.93   7.90   -5.17   -3.68
 2400  -999.00  307.48   7.50   -4.91   -3.64
 2500  -999.00  308.02   7.10   -4.65   -3.60
 2600  -999.00  308.56   6.71   -4.38   -3.56
 2700  -999.00  309.10   6.33   -4.11   -3.52
 2800  -999.00  309.64   5.95   -3.83   -3.47
 2900  -999.00  310.18   5.58   -3.55   -3.42
 3000  -999.00  310.71   5.21   -3.27   -3.37
 3100  -999.00  311.23   4.48   -2.99   -3.32
 3200  -999.00  311.75   4.50   -2.71   -3.27
 3300  -999.00  312.26   4.22   -2.42   -3.22
 3400  -999.00  312.76   4.06   -2.12   -3.17
 3500  -999.00  313.27   3.88   -1.83   -3.13
 3600  -999.00  313.77   3.70   -1.53   -3.08
 3700  -999.00  314.27   3.52   -1.22   -3.03
 3800  -999.00  314.78   3.35   -0.90   -2.98
 3900  -999.00  315.29   3.17   -0.58   -2.92
 4000  -999.00  315.81   2.99   -0.26   -2.87
 4100  -999.00  316.33   2.82    0.07   -2.81
 4200  -999.00  316.85   2.65    0.41   -2.75
 4300  -999.00  317.37   2.49    0.74   -2.70
 4400  -999.00  317.88   2.33    1.07   -2.66
 4500  -999.00  318.39   2.18    1.40   -2.62
 4600  -999.00  318.88   2.04    1.73   -2.59
 4700  -999.00  319.37   1.91    2.06   -2.56
 4800  -999.00  319.85   1.78    2.40   -2.54
 4900  -999.00  320.31   1.66    2.75   -2.52
 5000  -999.00  320.77   1.55    3.13   -2.50
 5100  -999.00  321.22   1.45    3.53   -2.48
 5200  -999.00  321.66   1.35    3.96   -2.45
 5300  -999.00  322.08   1.25    4.43   -2.42
 5400  -999.00  322.50   1.16    4.92   -2.38
 5500  -999.00  322.91   1.07    5.45   -2.34
 5600  -999.00  323.31   0.99    5.99   -2.28
 5700  -999.00  323.69   0.92    6.56   -2.22
 5800  -999.00  324.06   0.85    7.15   -2.15
 5900  -999.00  324.41   0.79    7.75   -2.06
 6000  -999.00  324.75   0.73    8.35   -1.96
 6100  -999.00  325.07   0.68    8.96   -1.85
 6200  -999.00  325.38   0.64    9.57   -1.74
 6300  -999.00  325.67   0.60   10.17   -1.61
 6400  -999.00  325.94   0.57   10.77   -1.48
 6500  -999.00  326.20   0.54   11.35   -1.34
 6600  -999.00  326.58   0.52   11.72   -1.26
 6700  -999.00  326.95   0.51   12.05   -1.18
 6800  -999.00  327.31   0.49   12.36   -1.10
 6900  -999.00  327.68   0.48   12.64   -1.03
 7000  -999.00  328.03   0.46   12.90   -0.95
 7100  -999.00  328.39   0.45   13.15   -0.88
 7200  -999.00  328.74   0.43   13.40   -0.80
 7300  -999.00  329.09   0.42   13.65   -0.72
 7400  -999.00  329.44   0.40   13.91   -0.63
 7500  -999.00  329.79   0.39   14.18   -0.54
 7600  -999.00  330.13   0.37   14.48   -0.44
 7700  -999.00  330.48   0.35   14.81   -0.34
 7800  -999.00  330.82   0.34   15.16   -0.23
 7900  -999.00  331.16   0.32   15.54   -0.11
 8000  -999.00  331.51   0.30   15.94    0.02
 8100  -999.00  331.87   0.28   16.37    0.15
 8200  -999.00  332.22   0.27   16.83    0.29
 8300  -999.00  332.59   0.25   17.31    0.44
 8400  -999.00  332.96   0.24   17.82    0.59
 8500  -999.00  333.34   0.22   18.35    0.74
 8600  -999.00  333.74   0.21   18.91    0.91
 8700  -999.00  334.14   0.20   19.49    1.07
 8800  -999.00  334.55   0.18   20.09    1.25
 8900  -999.00  334.97   0.17   20.71    1.42
 9000  -999.00  335.39   0.16   21.34    1.61
 9100  -999.00  335.83   0.15   21.98    1.80
 9200  -999.00  336.26   0.15   22.62    2.00
 9300  -999.00  336.70   0.14   23.28    2.20
 9400  -999.00  337.14   0.13   23.93    2.42
 9500  -999.00  337.58   0.12   24.58    2.64
 9600  -999.00  338.02   0.12   25.22    2.87
 9700  -999.00  338.46   0.11   25.85    3.11
 9800  -999.00  338.89   0.11   26.48    3.35
 9900  -999.00  339.33   0.10   27.09    3.60
10000  -999.00  339.75   0.10   27.68    3.86
10100  -999.00  340.17   0.09   28.26    4.12
10200  -999.00  340.59   0.09   28.81    4.38
10300  -999.00  341.00   0.09   29.35    4.64
10400  -999.00  341.39   0.08   29.87    4.90
10500  -999.00  341.78   0.08   30.35    5.15
10600  -999.00  342.16   0.08   30.82    5.40
10700  -999.00  342.53   0.07   31.25    5.65
10800  -999.00  342.88   0.07   31.65    5.88
10900  -999.00  343.22   0.07   32.02    6.11
11000  -999.00  343.54   0.07   32.36    6.32
11100  -999.00  343.86   0.06   32.66    6.53
11200  -999.00  344.16   0.06   32.93    6.71
11300  -999.00  344.47   0.06   33.18    6.87
11400  -999.00  344.77   0.05   33.40    7.01
11500  -999.00  345.08   0.05   33.60    7.13
11600  -999.00  345.40   0.05   33.78    7.21
11700  -999.00  345.73   0.04   33.93    7.26
11800  -999.00  346.06   0.04   34.07    7.28
11900  -999.00  346.41   0.04   34.18    7.26
12000  -999.00  346.76   0.03   34.28    7.21
12100  -999.00  347.13   0.03   34.35    7.12
12200  -999.00  347.50   0.03   34.40    7.00
12300  -999.00  347.88   0.03   34.43    6.83
12400  -999.00  348.26   0.02   34.43    6.63
12500  -999.00  348.66   0.02   34.41    6.39
12600  -999.00  349.06   0.02   34.36    6.12
12700  -999.00  349.47   0.02   34.29    5.82
12800  -999.00  349.89   0.02   34.20    5.48
12900  -999.00  350.33   0.01   34.09    5.12
13000  -999.00  350.77   0.01   33.96    4.74
367.0, 131, 1015.40 day, levels, pres0
    0  -999.00  297.90  16.00   -9.90   -3.80
  100  -999.00  297.90  15.70   -9.70   -3.80
  200  -999.00  297.90  15.41   -9.50   -3.80
  300  -999.00  297.90  15.12   -9.30   -3.80
  400  -999.00  297.90  14.81   -9.10   -3.80
  500  -999.00  297.90  14.51   -8.90   -3.80
  600  -999.00  297.90  14.22   -8.70   -3.80
  700  -999.00  297.90  13.92   -8.50   -3.80
  800  -999.00  298.25  13.58   -8.30   -3.80
  900  -999.00  298.84  13.20   -8.10   -3.80
 1000  -999.00  299.42  12.83   -7.90   -3.80
 1100  -999.00  300.01  12.46   -7.70   -3.80
 1200  -999.00  300.60  12.08   -7.50   -3.80
 1300  -999.00  301.18  11.71   -7.30   -3.80
 1400  -999.00  301.77  11.34   -7.10   -3.80
 1500  -999.00  302.35  10.97   -6.90   -3.80
 1600  -999.00  302.94  10.59   -6.70   -3.80
 1700  -999.00  303.52  10.22   -6.50   -3.80
 1800  -999.00  304.11   9.85   -6.30   -3.80
 1900  -999.00  304.70   9.47   -6.10   -3.80
 2000  -999.00  305.28   9.10   -5.90   -3.80
 2100  -999.00  305.83   8.70   -5.66   -3.76
 2200  -999.00  306.38   8.29   -5.42   -3.72
 2300  -999.00  306.93   7.90   -5.17   -3.68
 2400  -999.00  307.48   7.50   -4.91   -3.64
 2500  -999.00  308.02   7.10   -4.65   -3.60
 2600  -999.00  308.56   6.71   -4.38   -3.56
 2700  -999.00  309.10   6.33   -4.11   -3.52
 2800  -999.00  309.64   5.95   -3.83   -3.47
 2900  -999.00  310.18   5.58   -3.55   -3.42
 3000  -999.00  310.71   5.21   -3.27   -3.37
 3100  -999.00  311.23   4.48   -2.99   -3.32
 3200  -999.00  311.75   4.50   -2.71   -3.27
 3300  -999.00  312.26   4.22   -2.42   -3.22
 3400  -999.00  312.76   4.06   -2.12   -3.17
 3500  -999.00  313.27   3.88   -1.83   -3.13
 3600  -999.00  313.77   3.70   -1.53   -3.08
 3700  -999.00  314.27   3.52   -1.22   -3.03
 3800  -999.00  314.78   3.35   -0.90   -2.98
 3900  -999.00  315.29   3.17   -0.58   -2.92
 4000  -999.00  315.81   2.99   -0.26   -2.87
 4100  -999.00  316.33   2.82    0.07   -2.81
 4200  -999.00  316.85   2.65    0.41   -2.75
 4300  -999.00  317.37   2.49    0.74   -2.70
 4400  -999.00  317.88   2.33    1.07   -2.66
 4500  -999.00  318.39   2.18    1.40   -2.62
 4600  -999.00  318.88   2.04    1.73   -2.59
 4700  -999.00  319.37   1.91    2.06   -2.56
 4800  -999.00  319.85   1.78    2.40   -2.54
 4900  -999.00  320.31   1.66    2.75   -2.52
 5000  -999.00  320.77   1.55    3.13   -2.50
 5100  -999.00  321.22   1.45    3.53   -2.48
 5200  -999.00  321.66   1.35    3.96   -2.45
 5300  -999.00  322.08   1.25    4.43   -2.42
 5400  -999.00  322.50   1.16    4.92   -2.38
 5500  -999.00  322.91   1.07    5.45   -2.34
 5600  -999.00  323.31   0.99    5.99   -2.28
 5700  -999.00  323.69   0.92    6.56   -2.22
 5800  -999.00  324.06   0.85    7.15   -2.15
 5900  -999.00  324.41   0.79    7.75   -2.06
 6000  -999.00  324.75   0.73    8.35   -1.96
 6100  -999.00  325.07   0.68    8.96   -1.85
 6200  -999.00  325.38   0.64    9.57   -1.74
 6300  -999.00  325.67   0.60   10.17   -1.61
 6400  -999.00  325.94   0.57   10.77   -1.48
 6500  -999.00  326.20   0.54   11.35   -1.34
 6600  -999.00  326.58   0.52   11.72   -1.26
 6700  -999.00  326.95   0.51   12.05   -1.18
 6800  -999.00  327.31   0.49   12.36   -1.10
 6900  -999.00  327.68   0.48   12.64   -1.03
 7000  -999.00  328.03   0.46   12.90   -0.95
 7100  -999.00  328.39   0.45   13.15   -0.88
 7200  -999.00  328.74   0.43   13.40   -0.80
 7300  -999.00  329.09   0.42   13.65   -0.72
 7400  -999.00  329.44   0.40   13.91   -0.63
 7500  -999.00  329.79   0.39   14.18   -0.54
 7600  -999.00  330.13   0.37   14.48   -0.44
 7700  -999.00  330.48   0.35   14.81   -0.34
 7800  -999.00  330.82   0.34   15.16   -0.23
 7900  -999.00  331.16   0.32   15.54   -0.11
 8000  -999.00  331.51   0.30   15.94    0.02
 8100  -999.00  331.87   0.28   16.37    0.15
 8200  -999.00  332.22   0.27   16.83    0.29
 8300  -999.00  332.59   0.25   17.31    0.44
 8400  -999.00  332.96   0.24   17.82    0.59
 8500  -999.00  333.34   0.22   18.35    0.74
 8600  -999.00  333.74   0.21   18.91    0.91
 8700  -999.00  334.14   0.20   19.49    1.07
 8800  -999.00  334.55   0.18   20.09    1.25
 8900  -999.00  334.97   0.17   20.71    1.42
 9000  -999.00  335.39   0.16   21.34    1.61
 9100  -999.00  335.83   0.15   21.98    1.80
 9200  -999.00  336.26   0.15   22.62    2.00
 9300  -999.00  336.70   0.14   23.28    2.20
 9400  -999.00  337.14   0.13   23.93    2.42
 9500  -999.00  337.58   0.12   24.58    2.64
 9600  -999.00  338.02   0.12   25.22    2.87
 9700  -999.00  338.46   0.11   25.85    3.11
 9800  -999.00  338.89   0.11   26.48    3.35
 9900  -999.00  339.33   0.10   27.09    3.60
10000  -999.00  339.75   0.10   27.68    3.86
10100  -999.00  340.17   0.09   28.26    4.12
10200  -999.00  340.59   0.09   28.81    4.38
10300  -999.00  341.00   0.09   29.35    4.64
10400  -999.00  341.39   0.08   29.87    4.90
10500  -999.00  341.78   0.08   30.35    5.15
10600  -999.00  342.16   0.08   30.82    5.40
10700  -999.00  342.53   0.07   31.25    5.65
10800  -999.00  342.88   0.07   31.65    5.88
10900  -999.00  343.22   0.07   32.02    6.11
11000  -999.00  343.54   0.07   32.36    6.32
11100  -999.00  343.86   0.06   32.66    6.53
11200  -999.00  344.16   0.06   32.93    6.71
11300  -999.00  344.47   0.06   33.18    6.87
11400  -999.00  344.77   0.05   33.40    7.01
11500  -999.00  345.08   0.05   33.60    7.13
11600  -999.00  345.40   0.05   33.78    7.21
11700  -999.00  345.73   0.04   33.93    7.26
11800  -999.00  346.06   0.04   34.07    7.28
11900  -999.00  346.41   0.04   34.18    7.26
12000  -999.00  346.76   0.03   34.28    7.21
12100  -999.00  347.13   0.03   34.35    7.12
12200  -999.00  347.50   0.03   34.40    7.00
12300  -999.00  347.88   0.03   34.43    6.83
12400  -999.00  348.26   0.02   34.43    6.63
12500  -999.00  348.66   0.02   34.41    6.39
12600  -999.00  349.06   0.02   34.36    6.12
12700  -999.00  349.47   0.02   34.29    5.82
12800  -999.00  349.89   0.02   34.20    5.48
12900  -999.00  350.33   0.01   34.09    5.12
13000  -999.00  350.77   0.01   33.96    4.74
