  20.0
  60.0
 100.0
 140.0
 180.0
 220.0
 260.0
 300.0
 340.0
 380.0
 420.0
 460.0
 500.0
 540.0
 580.0
 620.0
 660.0
 700.0
 740.0
 780.0
 820.0
 860.0
 900.0
 940.0
 980.0
1020.0
1060.0
1100.0
1140.0
1180.0
1220.0
1260.0
1300.0
1340.0
1380.0
1420.0
1460.0
1500.0
1540.0
1580.0
1620.0
1660.0
1700.0
1740.0
1780.0
1820.0
1860.0
1900.0
1940.0
1980.0
2020.0
2060.0
2100.0
2140.0
2180.0
2220.0
2260.0
2300.0
2340.0
2380.0
2420.0
2460.0
2500.0
2540.0
2580.0
2620.0
2660.0
2700.0
2740.0
2780.0
2820.0
2860.0
2900.0
2940.0
2980.0
3020.0
3060.0
3100.0
3140.0
3180.0
3220.0
3260.0
3300.0
3340.0
3380.0
3420.0
3460.0
3500.0
3540.0
3580.0
3620.0
3660.0
3700.0
3740.0
3780.0
3820.0
3860.0
3900.0
3940.0
3980.0
4080.0
4180.0
4280.0
4380.0
4480.0
4580.0
4680.0
4780.0
4880.0
4980.0
5080.0
5180.0
5280.0
5380.0
5480.0
5580.0
5680.0
5780.0
5880.0
5980.0
6080.0
6180.0
6280.0
6380.0
6480.0
6580.0
6680.0
6780.0
6880.0
6980.0
7080.0
7180.0
7280.0
7380.0
7480.0
7580.0
7680.0
7780.0
7880.0
7980.0
8080.0
8180.0
8280.0
8380.0
8480.0
8580.0
8680.0
8780.0
8880.0
8980.0
9080.0
9180.0
9280.0
9380.0
9480.0
9580.0
9680.0
9780.0
9880.0
9980.0
10180.0
10380.0
10580.0
10780.0
10980.0
11180.0
11380.0
11580.0
11780.0
11980.0
12180.0
12380.0
12580.0
12780.0
12980.0
13180.0
13380.0
13580.0
13780.0
13980.0
14180.0
14380.0
14580.0
14780.0
14980.0
15180.0
15380.0
15580.0
15780.0
15980.0
16180.0
16380.0
16580.0
16780.0
16980.0
17180.0
17380.0
17580.0
17780.0
17980.0
18180.0
18380.0
18580.0
18780.0
18980.0
19180.0
19380.0
19580.0
19780.0
19980.0
20180.0
20380.0
20580.0
20780.0
20980.0
21180.0
21380.0
21580.0
21780.0
21980.0
22180.0
22380.0
22580.0
22780.0
22980.0
23180.0
23380.0
23580.0
23780.0
23980.0
24180.0
24380.0
24580.0
24780.0
24980.0
25180.0
25380.0
25580.0
25780.0
25980.0
26180.0
26380.0
26580.0
26780.0
26980.0
27180.0
27380.0
27580.0
27780.0
27980.0
28180.0
28380.0
28580.0
28780.0
28980.0
29180.0
29380.0
29580.0
29780.0
29980.0
30180.0
30380.0
30580.0
30780.0
30980.0
31180.0
31380.0
31580.0
31780.0
31980.0
32180.0
32380.0
32580.0
32780.0
32980.0
33180.0
33380.0
33580.0
33780.0
33980.0
34180.0
34380.0
34580.0
34780.0
34980.0
