  20.0
  60.0
 100.0
 140.0
 180.0
 220.0
 260.0
 300.0
 340.0
 380.0
 420.0
 460.0
 500.0
 540.0
 580.0
 620.0
 660.0
 700.0
 740.0
 780.0
 820.0
 860.0
 900.0
 940.0
 980.0
1020.0
1060.0
1100.0
1140.0
1180.0
1220.0
1260.0
1300.0
1340.0
1380.0
1420.0
1460.0
1500.0
1540.0
1580.0
1620.0
1660.0
1700.0
1740.0
1780.0
1820.0
1860.0
1900.0
1940.0
1980.0
2020.0
2060.0
2100.0
2140.0
2180.0
2220.0
2260.0
2300.0
2340.0
2380.0
2420.0
2460.0
2500.0
2540.0
2580.0
2620.0
2660.0
2700.0
2740.0
2780.0
2820.0
2860.0
2900.0
2940.0
2980.0
3020.0
3060.0
3100.0
3140.0
3180.0
3220.0
3260.0
3300.0
3340.0
3380.0
3420.0
3460.0
3500.0
3540.0
3580.0
3620.0
3660.0
3700.0
3740.0
3780.0
3820.0
3860.0
3900.0
3940.0
3980.0
4000.0
4100.0
4200.0
4300.0
4400.0
4500.0
4600.0
4700.0
4800.0
4900.0
5000.0
5100.0
5200.0
5300.0
5400.0
5500.0
5600.0
5700.0
5800.0
5900.0
6000.0
6100.0
6200.0
6300.0
6400.0
6500.0
6600.0
6700.0
6800.0
6900.0
7000.0
7100.0
7200.0
7300.0
7400.0
7500.0
7600.0
7700.0
7800.0
7900.0
8000.0
8100.0
8200.0
8300.0
8400.0
8500.0
8600.0
8700.0
8800.0
8900.0
9000.0
9100.0
9200.0
9300.0
9400.0
9500.0
9600.0
9700.0
9800.0
9900.0
10000.0
10200.0
10400.0
10600.0
10800.0
11000.0
11200.0
11400.0
11600.0
11800.0
12000.0
12200.0
12400.0
12600.0
12800.0
13000.0
13200.0
13400.0
13600.0
13800.0
14000.0
14200.0
14400.0
14600.0
14800.0
15000.0
15200.0
15400.0
15600.0
15800.0
16000.0
16200.0
16400.0
16600.0
16800.0
17000.0
17200.0
17400.0
17600.0
17800.0
18000.0
18200.0
18400.0
18600.0
18800.0
19000.0
19200.0
19400.0
19600.0
19800.0
20000.0
20200.0
20400.0
20600.0
20800.0
21000.0
21200.0
21400.0
21600.0
21800.0
22000.0
22200.0
22400.0
22600.0
22800.0
23000.0
23200.0
23400.0
23600.0
23800.0
24000.0
24200.0
24400.0
24600.0
24800.0
25000.0
25200.0
25400.0
25600.0
25800.0
26000.0
26200.0
26400.0
26600.0
26800.0
27000.0
27200.0
27400.0
27600.0
27800.0
28000.0
28200.0
28400.0
28600.0
28800.0
29000.0
29200.0
29400.0
29600.0
29800.0
30000.0
30200.0
30400.0
30600.0
30800.0
31000.0
31200.0
31400.0
31600.0
31800.0
32000.0
32200.0
32400.0
32600.0
32800.0
33000.0
33200.0
33400.0
33600.0
33800.0
34000.0
34200.0
34400.0
34600.0
34800.0
35000.0
