z[m] p[mb] tp[K] q[g/kg] u[m/s] v[m/s]
336.0, 401, 1015.40 day, levels, pres0
    0  -999.00  297.90  16.00   -9.90   -3.80
  100  -999.00  297.90  15.70   -9.70   -3.80
  200  -999.00  297.90  15.41   -9.50   -3.80
  300  -999.00  297.90  15.12   -9.30   -3.80
  400  -999.00  297.90  14.81   -9.10   -3.80
  500  -999.00  297.90  14.51   -8.90   -3.80
  600  -999.00  297.90  14.22   -8.70   -3.80
  700  -999.00  297.90  13.92   -8.50   -3.80
  800  -999.00  298.25  13.58   -8.30   -3.80
  900  -999.00  298.84  13.20   -8.10   -3.80
 1000  -999.00  299.42  12.83   -7.90   -3.80
 1100  -999.00  300.01  12.46   -7.70   -3.80
 1200  -999.00  300.60  12.08   -7.50   -3.80
 1300  -999.00  301.18  11.71   -7.30   -3.80
 1400  -999.00  301.77  11.34   -7.10   -3.80
 1500  -999.00  302.35  10.97   -6.90   -3.80
 1600  -999.00  302.94  10.59   -6.70   -3.80
 1700  -999.00  303.52  10.22   -6.50   -3.80
 1800  -999.00  304.11   9.85   -6.30   -3.80
 1900  -999.00  304.70   9.47   -6.10   -3.80
 2000  -999.00  305.28   9.10   -5.90   -3.80
 2100  -999.00  305.83   8.70   -5.66   -3.76
 2200  -999.00  306.38   8.29   -5.42   -3.72
 2300  -999.00  306.93   7.90   -5.17   -3.68
 2400  -999.00  307.48   7.50   -4.91   -3.64
 2500  -999.00  308.02   7.10   -4.65   -3.60
 2600  -999.00  308.56   6.71   -4.38   -3.56
 2700  -999.00  309.10   6.33   -4.11   -3.52
 2800  -999.00  309.64   5.95   -3.83   -3.47
 2900  -999.00  310.18   5.58   -3.55   -3.42
 3000  -999.00  310.71   5.21   -3.27   -3.37
 3100  -999.00  311.23   4.48   -2.99   -3.32
 3200  -999.00  311.75   4.50   -2.71   -3.27
 3300  -999.00  312.26   4.22   -2.42   -3.22
 3400  -999.00  312.76   4.06   -2.12   -3.17
 3500  -999.00  313.27   3.88   -1.83   -3.13
 3600  -999.00  313.77   3.70   -1.53   -3.08
 3700  -999.00  314.27   3.52   -1.22   -3.03
 3800  -999.00  314.78   3.35   -0.90   -2.98
 3900  -999.00  315.29   3.17   -0.58   -2.92
 4000  -999.00  315.81   2.99   -0.26   -2.87
 4100  -999.00  316.33   2.82    0.07   -2.81
 4200  -999.00  316.85   2.65    0.41   -2.75
 4300  -999.00  317.37   2.49    0.74   -2.70
 4400  -999.00  317.88   2.33    1.07   -2.66
 4500  -999.00  318.39   2.18    1.40   -2.62
 4600  -999.00  318.88   2.04    1.73   -2.59
 4700  -999.00  319.37   1.91    2.06   -2.56
 4800  -999.00  319.85   1.78    2.40   -2.54
 4900  -999.00  320.31   1.66    2.75   -2.52
 5000  -999.00  320.77   1.55    3.13   -2.50
 5100  -999.00  321.22   1.45    3.53   -2.48
 5200  -999.00  321.66   1.35    3.96   -2.45
 5300  -999.00  322.08   1.25    4.43   -2.42
 5400  -999.00  322.50   1.16    4.92   -2.38
 5500  -999.00  322.91   1.07    5.45   -2.34
 5600  -999.00  323.31   0.99    5.99   -2.28
 5700  -999.00  323.69   0.92    6.56   -2.22
 5800  -999.00  324.06   0.85    7.15   -2.15
 5900  -999.00  324.41   0.79    7.75   -2.06
 6000  -999.00  324.75   0.73    8.35   -1.96
 6100  -999.00  325.07   0.68    8.96   -1.85
 6200  -999.00  325.38   0.64    9.57   -1.74
 6300  -999.00  325.67   0.60   10.17   -1.61
 6400  -999.00  325.94   0.57   10.77   -1.48
 6500  -999.00  326.20   0.54   11.35   -1.34
 6600  -999.00  326.58   0.52   11.72   -1.26
 6700  -999.00  326.95   0.51   12.05   -1.18
 6800  -999.00  327.31   0.49   12.36   -1.10
 6900  -999.00  327.68   0.48   12.64   -1.03
 7000  -999.00  328.03   0.46   12.90   -0.95
 7100  -999.00  328.39   0.45   13.15   -0.88
 7200  -999.00  328.74   0.43   13.40   -0.80
 7300  -999.00  329.09   0.42   13.65   -0.72
 7400  -999.00  329.44   0.40   13.91   -0.63
 7500  -999.00  329.79   0.39   14.18   -0.54
 7600  -999.00  330.13   0.37   14.48   -0.44
 7700  -999.00  330.48   0.35   14.81   -0.34
 7800  -999.00  330.82   0.34   15.16   -0.23
 7900  -999.00  331.16   0.32   15.54   -0.11
 8000  -999.00  331.51   0.30   15.94    0.02
 8100  -999.00  331.87   0.28   16.37    0.15
 8200  -999.00  332.22   0.27   16.83    0.29
 8300  -999.00  332.59   0.25   17.31    0.44
 8400  -999.00  332.96   0.24   17.82    0.59
 8500  -999.00  333.34   0.22   18.35    0.74
 8600  -999.00  333.74   0.21   18.91    0.91
 8700  -999.00  334.14   0.20   19.49    1.07
 8800  -999.00  334.55   0.18   20.09    1.25
 8900  -999.00  334.97   0.17   20.71    1.42
 9000  -999.00  335.39   0.16   21.34    1.61
 9100  -999.00  335.83   0.15   21.98    1.80
 9200  -999.00  336.26   0.15   22.62    2.00
 9300  -999.00  336.70   0.14   23.28    2.20
 9400  -999.00  337.14   0.13   23.93    2.42
 9500  -999.00  337.58   0.12   24.58    2.64
 9600  -999.00  338.02   0.12   25.22    2.87
 9700  -999.00  338.46   0.11   25.85    3.11
 9800  -999.00  338.89   0.11   26.48    3.35
 9900  -999.00  339.33   0.10   27.09    3.60
10000  -999.00  339.75   0.10   27.68    3.86
10100  -999.00  340.17   0.09   28.26    4.12
10200  -999.00  340.59   0.09   28.81    4.38
10300  -999.00  341.00   0.09   29.35    4.64
10400  -999.00  341.39   0.08   29.87    4.90
10500  -999.00  341.78   0.08   30.35    5.15
10600  -999.00  342.16   0.08   30.82    5.40
10700  -999.00  342.53   0.07   31.25    5.65
10800  -999.00  342.88   0.07   31.65    5.88
10900  -999.00  343.22   0.07   32.02    6.11
11000  -999.00  343.54   0.07   32.36    6.32
11100  -999.00  343.86   0.06   32.66    6.53
11200  -999.00  344.16   0.06   32.93    6.71
11300  -999.00  344.47   0.06   33.18    6.87
11400  -999.00  344.77   0.05   33.40    7.01
11500  -999.00  345.08   0.05   33.60    7.13
11600  -999.00  345.40   0.05   33.78    7.21
11700  -999.00  345.73   0.04   33.93    7.26
11800  -999.00  346.06   0.04   34.07    7.28
11900  -999.00  346.41   0.04   34.18    7.26
12000  -999.00  346.76   0.03   34.28    7.21
12100  -999.00  347.13   0.03   34.35    7.12
12200  -999.00  347.50   0.03   34.40    7.00
12300  -999.00  347.88   0.03   34.43    6.83
12400  -999.00  348.26   0.02   34.43    6.63
12500  -999.00  348.66   0.02   34.41    6.39
12600  -999.00  349.06   0.02   34.36    6.12
12700  -999.00  349.47   0.02   34.29    5.82
12800  -999.00  349.89   0.02   34.20    5.48
12900  -999.00  350.33   0.01   34.09    5.12
13000  -999.00  350.77   0.01   33.96    4.74
13100  -999.00  351.22   0.01   33.80    4.34
13200  -999.00  351.68   0.01   33.63    3.93
13300  -999.00  352.15   0.01   33.44    3.50
13400  -999.00  352.64   0.01   33.22    3.06
13500  -999.00  353.14   0.01   32.99    2.62
13600  -999.00  353.65   0.01   32.73    2.18
13700  -999.00  354.18   0.01   32.44    1.75
13800  -999.00  354.71   0.01   32.13    1.32
13900  -999.00  355.26   0.01   31.79    0.91
14000  -999.00  355.83   0.01   31.41    0.52
14100  -999.00  356.41   0.01   31.01    0.15
14200  -999.00  357.00   0.01   30.57   -0.20
14300  -999.00  357.60   0.01   30.09   -0.52
14400  -999.00  358.23   0.00   29.59   -0.81
14500  -999.00  358.86   0.00   29.06   -1.07
14600  -999.00  359.51   0.00   28.50   -1.31
14700  -999.00  360.18   0.00   27.93   -1.52
14800  -999.00  360.86   0.00   27.34   -1.71
14900  -999.00  361.56   0.00   26.73   -1.88
15000  -999.00  362.27   0.00   26.12   -2.03
15100  -999.00  363.00   0.00   25.50   -2.16
15200  -999.00  363.74   0.00   24.87   -2.27
15300  -999.00  364.51   0.00   24.25   -2.37
15400  -999.00  365.29   0.00   23.63   -2.45
15500  -999.00  366.09   0.00   23.01   -2.51
15600  -999.00  366.93   0.00   22.39   -2.56
15700  -999.00  367.80   0.00   21.78   -2.60
15800  -999.00  368.70   0.00   21.16   -2.63
15900  -999.00  369.65   0.00   20.54   -2.65
16000  -999.00  370.64   0.00   19.92   -2.66
16100  -999.00  371.68   0.00   19.30   -2.67
16200  -999.00  372.77   0.00   18.68   -2.67
16300  -999.00  373.93   0.00   18.06   -2.66
16400  -999.00  375.15   0.00   17.44   -2.65
16500  -999.00  376.43   0.00   16.81   -2.64
16600  -999.00  377.79   0.00   16.18   -2.63
16700  -999.00  379.22   0.00   15.55   -2.62
16800  -999.00  380.73   0.00   14.91   -2.61
16900  -999.00  382.30   0.00   14.28   -2.59
17000  -999.00  383.95   0.00   13.64   -2.58
17100  -999.00  385.67   0.00   13.01   -2.56
17200  -999.00  387.46   0.00   12.38   -2.55
17300  -999.00  389.32   0.00   11.75   -2.53
17400  -999.00  391.26   0.00   11.13   -2.51
17500  -999.00  393.26   0.00   10.51   -2.49
17600  -999.00  395.34   0.00    9.90   -2.47
17700  -999.00  397.48   0.00    9.29   -2.45
17800  -999.00  399.69   0.00    8.69   -2.42
17900  -999.00  401.97   0.00    8.11   -2.40
18000  -999.00  404.32   0.00    7.53   -2.37
18100  -999.00  406.74   0.00    6.96   -2.34
18200  -999.00  409.23   0.00    6.40   -2.31
18300  -999.00  411.78   0.00    5.86   -2.27
18400  -999.00  414.40   0.00    5.32   -2.23
18500  -999.00  417.08   0.00    4.81   -2.19
18600  -999.00  419.84   0.00    4.31   -2.15
18700  -999.00  422.66   0.00    3.82   -2.10
18800  -999.00  425.54   0.00    3.35   -2.05
18900  -999.00  428.49   0.00    2.90   -2.00
19000  -999.00  431.50   0.00    2.47   -1.94
19100  -999.00  434.58   0.00    2.06   -1.88
19200  -999.00  437.72   0.00    1.67   -1.82
19300  -999.00  440.93   0.00    1.30   -1.75
19400  -999.00  444.20   0.00    0.96   -1.68
19500  -999.00  447.53   0.00    0.63   -1.61
19600  -999.00  450.93   0.00    0.34   -1.53
19700  -999.00  454.39   0.00    0.06   -1.45
19800  -999.00  457.91   0.00   -0.18   -1.36
19900  -999.00  461.49   0.00   -0.40   -1.27
20000  -999.00  465.13   0.00   -0.59   -1.17
20100  -999.00  468.83   0.00   -0.75   -1.07
20200  -999.00  472.60   0.00   -0.88   -0.97
20300  -999.00  476.42   0.00   -0.98   -0.85
20400  -999.00  480.30   0.00   -1.05   -0.74
20500  -999.00  484.24   0.00   -1.08   -0.62
20600  -999.00  488.25   0.00   -1.08   -0.49
20700  -999.00  492.31   0.00   -1.04   -0.36
20800  -999.00  496.42   0.00   -0.97   -0.22
20900  -999.00  500.60   0.00   -0.87   -0.08
21000  -999.00  504.83   0.00   -0.72    0.07
21100  -999.00  509.12   0.00   -0.54    0.23
21200  -999.00  513.47   0.00   -0.31    0.39
21300  -999.00  517.87   0.00   -0.05    0.56
21400  -999.00  522.33   0.00    0.26    0.73
21500  -999.00  526.85   0.00    0.60    0.91
21600  -999.00  531.42   0.00    0.99    1.10
21700  -999.00  536.04   0.00    1.43    1.29
21800  -999.00  540.72   0.00    1.91    1.49
21900  -999.00  545.46   0.00    2.44    1.70
22000  -999.00  550.25   0.00    3.01    1.91
22100  -999.00  555.09   0.00    3.63    2.14
22200  -999.00  559.98   0.00    4.30    2.37
22300  -999.00  564.93   0.00    5.02    2.60
22400  -999.00  569.93   0.00    5.79    2.85
22500  -999.00  574.98   0.00    6.61    3.10
22600  -999.00  580.08   0.00    7.49    3.36
22700  -999.00  585.24   0.00    8.42    3.63
22800  -999.00  590.44   0.00    9.40    3.91
22900  -999.00  595.70   0.00   10.44    4.19
23000  -999.00  601.00   0.00   11.54    4.49
23100  -999.00  606.36   0.00   12.69    4.79
23200  -999.00  611.77   0.00   13.90    5.10
23300  -999.00  617.22   0.00   15.17    5.42
23400  -999.00  622.72   0.00   16.50    5.75
23500  -999.00  628.27   0.00   17.89    6.08
23600  -999.00  633.87  -0.00   19.34    6.43
23700  -999.00  639.52  -0.00   20.86    6.79
23800  -999.00  645.21  -0.00   22.43    7.15
23900  -999.00  650.95  -0.00   24.08    7.53
24000  -999.00  656.74  -0.00   25.79    7.91
24100  -999.00  662.57  -0.00   27.56    8.31
24200  -999.00  668.45  -0.00   29.41    8.71
24300  -999.00  674.38  -0.00   31.32    9.12
24400  -999.00  680.35  -0.00   33.30    9.55
24500  -999.00  686.36  -0.00   35.35    9.98
24600  -999.00  692.42  -0.00   37.48   10.43
24700  -999.00  698.52  -0.00   39.67   10.89
24800  -999.00  704.67  -0.00   41.94   11.35
24900  -999.00  710.86  -0.00   44.29   11.83
25000  -999.00  717.09  -0.00   46.70   12.32
25100  -999.00  723.36  -0.00   49.20   12.82
25200  -999.00  729.68  -0.00   51.77   13.33
25300  -999.00  736.04  -0.00   54.42   13.85
25400  -999.00  742.44  -0.00   57.14   14.39
25500  -999.00  748.88  -0.01   59.95   14.93
25600  -999.00  755.36  -0.01   62.84   15.49
25700  -999.00  761.88  -0.01   65.81   16.06
25800  -999.00  768.44  -0.01   68.86   16.64
25900  -999.00  775.04  -0.01   71.99   17.23
26000  -999.00  781.68  -0.01   75.21   17.84
26100  -999.00  788.36  -0.01   78.52   18.45
26200  -999.00  795.08  -0.01   81.91   19.08
26300  -999.00  801.83  -0.01   85.39   19.73
26400  -999.00  808.63  -0.01   88.95   20.38
26500  -999.00  815.46  -0.01   92.61   21.05
26600  -999.00  822.32  -0.01   96.35   21.73
26700  -999.00  829.23  -0.01  100.19   22.43
26800  -999.00  836.17  -0.01  104.12   23.14
26900  -999.00  843.14  -0.01  108.14   23.86
27000  -999.00  850.16  -0.01  112.25   24.59
27100  -999.00  857.20  -0.01  116.46   25.34
27200  -999.00  864.28  -0.01  120.76   26.10
27300  -999.00  871.40  -0.01  125.16   26.88
27400  -999.00  878.55  -0.02  129.66   27.67
27500  -999.00  885.73  -0.02  134.26   28.47
27600  -999.00  892.95  -0.02  138.96   29.29
27700  -999.00  900.20  -0.02  143.75   30.13
27800  -999.00  907.48  -0.02  148.65   30.97
27900  -999.00  914.79  -0.02  153.65   31.84
28000  -999.00  922.14  -0.02  158.75   32.71
28100  -999.00  929.52  -0.02  163.96   33.61
28200  -999.00  936.93  -0.02  169.27   34.51
28300  -999.00  944.37  -0.02  174.68   35.43
28400  -999.00  951.84  -0.02  180.21   36.37
28500  -999.00  959.33  -0.02  185.84   37.33
28600  -999.00  966.86  -0.02  191.58   38.29
28700  -999.00  974.42  -0.02  197.43   39.28
28800  -999.00  982.01  -0.03  203.39   40.28
28900  -999.00  989.63  -0.03  209.46   41.29
29000  -999.00  997.27  -0.03  215.64   42.33
29100  -999.00  1004.94  -0.03  221.94   43.37
29200  -999.00  1012.64  -0.03  228.35   44.44
29300  -999.00  1020.37  -0.03  234.88   45.52
29400  -999.00  1028.12  -0.03  241.52   46.62
29500  -999.00  1035.90  -0.03  248.28   47.73
29600  -999.00  1043.71  -0.03  255.16   48.86
29700  -999.00  1051.54  -0.03  262.15   50.01
29800  -999.00  1059.39  -0.04  269.27   51.18
29900  -999.00  1067.27  -0.04  276.51   52.36
30000  -999.00  1075.18  -0.04  283.86   53.56
30100  -999.00  1083.11  -0.04  291.35   54.78
30200  -999.00  1091.06  -0.04  298.95   56.01
30300  -999.00  1099.04  -0.04  306.68   57.26
30400  -999.00  1107.04  -0.04  314.53   58.54
30500  -999.00  1115.06  -0.04  322.51   59.82
30600  -999.00  1123.11  -0.04  330.62   61.13
30700  -999.00  1131.17  -0.05  338.86   62.46
30800  -999.00  1139.26  -0.05  347.22   63.80
30900  -999.00  1147.37  -0.05  355.72   65.16
31000  -999.00  1155.50  -0.05  364.35   66.54
31100  -999.00  1163.65  -0.05  373.11   67.94
31200  -999.00  1171.82  -0.05  382.00   69.36
31300  -999.00  1180.02  -0.05  391.02   70.79
31400  -999.00  1188.23  -0.06  400.18   72.25
31500  -999.00  1196.45  -0.06  409.48   73.73
31600  -999.00  1204.70  -0.06  418.91   75.22
31700  -999.00  1212.97  -0.06  428.48   76.74
31800  -999.00  1221.25  -0.06  438.19   78.27
31900  -999.00  1229.55  -0.06  448.04   79.82
32000  -999.00  1237.87  -0.06  458.02   81.40
32100  -999.00  1246.21  -0.07  468.15   82.99
32200  -999.00  1254.56  -0.07  478.42   84.60
32300  -999.00  1262.93  -0.07  488.84   86.24
32400  -999.00  1271.31  -0.07  499.40   87.89
32500  -999.00  1279.71  -0.07  510.10   89.57
32600  -999.00  1288.12  -0.07  520.95   91.26
32700  -999.00  1296.55  -0.08  531.95   92.98
32800  -999.00  1305.00  -0.08  543.09   94.72
32900  -999.00  1313.45  -0.08  554.38   96.48
33000  -999.00  1321.92  -0.08  565.83   98.26
33100  -999.00  1330.41  -0.08  577.42  100.06
33200  -999.00  1338.90  -0.08  589.17  101.88
33300  -999.00  1347.41  -0.09  601.06  103.72
33400  -999.00  1355.93  -0.09  613.11  105.59
33500  -999.00  1364.46  -0.09  625.32  107.48
33600  -999.00  1373.01  -0.09  637.68  109.39
33700  -999.00  1381.56  -0.09  650.20  111.32
33800  -999.00  1390.13  -0.10  662.87  113.27
33900  -999.00  1398.70  -0.10  675.70  115.25
34000  -999.00  1407.29  -0.10  688.69  117.25
34100  -999.00  1415.88  -0.10  701.84  119.27
34200  -999.00  1424.48  -0.10  715.16  121.31
34300  -999.00  1433.10  -0.11  728.63  123.38
34400  -999.00  1441.72  -0.11  742.26  125.47
34500  -999.00  1450.34  -0.11  756.06  127.58
34600  -999.00  1458.98  -0.11  770.03  129.71
34700  -999.00  1467.62  -0.12  784.16  131.87
34800  -999.00  1476.28  -0.12  798.46  134.06
34900  -999.00  1484.93  -0.12  812.92  136.26
35000  -999.00  1493.60  -0.12  827.55  138.49
35100  -999.00  1502.26  -0.13  842.35  140.75
35200  -999.00  1510.94  -0.13  857.32  143.02
35300  -999.00  1519.62  -0.13  872.47  145.33
35400  -999.00  1528.30  -0.13  887.78  147.65
35500  -999.00  1536.99  -0.14  903.27  150.00
35600  -999.00  1545.68  -0.14  918.93  152.38
35700  -999.00  1554.38  -0.14  934.77  154.78
35800  -999.00  1563.08  -0.14  950.78  157.20
35900  -999.00  1571.78  -0.15  966.97  159.65
36000  -999.00  1580.49  -0.15  983.34  162.12
36100  -999.00  1589.19  -0.15  999.88  164.62
36200  -999.00  1597.90  -0.15  1016.61  167.15
36300  -999.00  1606.61  -0.16  1033.51  169.70
36400  -999.00  1615.32  -0.16  1050.60  172.27
36500  -999.00  1624.04  -0.16  1067.87  174.88
36600  -999.00  1632.75  -0.16  1085.32  177.50
36700  -999.00  1641.46  -0.17  1102.96  180.16
36800  -999.00  1650.17  -0.17  1120.78  182.83
36900  -999.00  1658.88  -0.17  1138.79  185.54
37000  -999.00  1667.59  -0.18  1156.98  188.27
37100  -999.00  1676.30  -0.18  1175.37  191.03
37200  -999.00  1685.01  -0.18  1193.94  193.81
37300  -999.00  1693.71  -0.19  1212.70  196.62
37400  -999.00  1702.41  -0.19  1231.65  199.46
37500  -999.00  1711.11  -0.19  1250.80  202.33
37600  -999.00  1719.81  -0.19  1270.13  205.22
37700  -999.00  1728.50  -0.20  1289.66  208.14
37800  -999.00  1737.19  -0.20  1309.39  211.08
37900  -999.00  1745.87  -0.20  1329.31  214.06
38000  -999.00  1754.55  -0.21  1349.43  217.06
38100  -999.00  1763.22  -0.21  1369.74  220.08
38200  -999.00  1771.89  -0.21  1390.25  223.14
38300  -999.00  1780.55  -0.22  1410.96  226.23
38400  -999.00  1789.20  -0.22  1431.87  229.34
38500  -999.00  1797.85  -0.23  1452.99  232.48
38600  -999.00  1806.49  -0.23  1474.30  235.65
38700  -999.00  1815.13  -0.23  1495.82  238.85
38800  -999.00  1823.75  -0.24  1517.54  242.07
38900  -999.00  1832.37  -0.24  1539.46  245.33
39000  -999.00  1840.98  -0.24  1561.59  248.61
39100  -999.00  1849.58  -0.25  1583.93  251.92
39200  -999.00  1858.17  -0.25  1606.48  255.26
39300  -999.00  1866.76  -0.25  1629.23  258.63
39400  -999.00  1875.33  -0.26  1652.19  262.04
39500  -999.00  1883.89  -0.26  1675.37  265.46
39600  -999.00  1892.44  -0.27  1698.75  268.92
39700  -999.00  1900.98  -0.27  1722.35  272.41
39800  -999.00  1909.51  -0.27  1746.16  275.93
39900  -999.00  1918.03  -0.28  1770.18  279.48
40000  -999.00  1926.53  -0.28  1794.42  283.06
367.0, 401, 1015.40 day, levels, pres0
    0  -999.00  297.90  16.00   -9.90   -3.80
  100  -999.00  297.90  15.70   -9.70   -3.80
  200  -999.00  297.90  15.41   -9.50   -3.80
  300  -999.00  297.90  15.12   -9.30   -3.80
  400  -999.00  297.90  14.81   -9.10   -3.80
  500  -999.00  297.90  14.51   -8.90   -3.80
  600  -999.00  297.90  14.22   -8.70   -3.80
  700  -999.00  297.90  13.92   -8.50   -3.80
  800  -999.00  298.25  13.58   -8.30   -3.80
  900  -999.00  298.84  13.20   -8.10   -3.80
 1000  -999.00  299.42  12.83   -7.90   -3.80
 1100  -999.00  300.01  12.46   -7.70   -3.80
 1200  -999.00  300.60  12.08   -7.50   -3.80
 1300  -999.00  301.18  11.71   -7.30   -3.80
 1400  -999.00  301.77  11.34   -7.10   -3.80
 1500  -999.00  302.35  10.97   -6.90   -3.80
 1600  -999.00  302.94  10.59   -6.70   -3.80
 1700  -999.00  303.52  10.22   -6.50   -3.80
 1800  -999.00  304.11   9.85   -6.30   -3.80
 1900  -999.00  304.70   9.47   -6.10   -3.80
 2000  -999.00  305.28   9.10   -5.90   -3.80
 2100  -999.00  305.83   8.70   -5.66   -3.76
 2200  -999.00  306.38   8.29   -5.42   -3.72
 2300  -999.00  306.93   7.90   -5.17   -3.68
 2400  -999.00  307.48   7.50   -4.91   -3.64
 2500  -999.00  308.02   7.10   -4.65   -3.60
 2600  -999.00  308.56   6.71   -4.38   -3.56
 2700  -999.00  309.10   6.33   -4.11   -3.52
 2800  -999.00  309.64   5.95   -3.83   -3.47
 2900  -999.00  310.18   5.58   -3.55   -3.42
 3000  -999.00  310.71   5.21   -3.27   -3.37
 3100  -999.00  311.23   4.48   -2.99   -3.32
 3200  -999.00  311.75   4.50   -2.71   -3.27
 3300  -999.00  312.26   4.22   -2.42   -3.22
 3400  -999.00  312.76   4.06   -2.12   -3.17
 3500  -999.00  313.27   3.88   -1.83   -3.13
 3600  -999.00  313.77   3.70   -1.53   -3.08
 3700  -999.00  314.27   3.52   -1.22   -3.03
 3800  -999.00  314.78   3.35   -0.90   -2.98
 3900  -999.00  315.29   3.17   -0.58   -2.92
 4000  -999.00  315.81   2.99   -0.26   -2.87
 4100  -999.00  316.33   2.82    0.07   -2.81
 4200  -999.00  316.85   2.65    0.41   -2.75
 4300  -999.00  317.37   2.49    0.74   -2.70
 4400  -999.00  317.88   2.33    1.07   -2.66
 4500  -999.00  318.39   2.18    1.40   -2.62
 4600  -999.00  318.88   2.04    1.73   -2.59
 4700  -999.00  319.37   1.91    2.06   -2.56
 4800  -999.00  319.85   1.78    2.40   -2.54
 4900  -999.00  320.31   1.66    2.75   -2.52
 5000  -999.00  320.77   1.55    3.13   -2.50
 5100  -999.00  321.22   1.45    3.53   -2.48
 5200  -999.00  321.66   1.35    3.96   -2.45
 5300  -999.00  322.08   1.25    4.43   -2.42
 5400  -999.00  322.50   1.16    4.92   -2.38
 5500  -999.00  322.91   1.07    5.45   -2.34
 5600  -999.00  323.31   0.99    5.99   -2.28
 5700  -999.00  323.69   0.92    6.56   -2.22
 5800  -999.00  324.06   0.85    7.15   -2.15
 5900  -999.00  324.41   0.79    7.75   -2.06
 6000  -999.00  324.75   0.73    8.35   -1.96
 6100  -999.00  325.07   0.68    8.96   -1.85
 6200  -999.00  325.38   0.64    9.57   -1.74
 6300  -999.00  325.67   0.60   10.17   -1.61
 6400  -999.00  325.94   0.57   10.77   -1.48
 6500  -999.00  326.20   0.54   11.35   -1.34
 6600  -999.00  326.58   0.52   11.72   -1.26
 6700  -999.00  326.95   0.51   12.05   -1.18
 6800  -999.00  327.31   0.49   12.36   -1.10
 6900  -999.00  327.68   0.48   12.64   -1.03
 7000  -999.00  328.03   0.46   12.90   -0.95
 7100  -999.00  328.39   0.45   13.15   -0.88
 7200  -999.00  328.74   0.43   13.40   -0.80
 7300  -999.00  329.09   0.42   13.65   -0.72
 7400  -999.00  329.44   0.40   13.91   -0.63
 7500  -999.00  329.79   0.39   14.18   -0.54
 7600  -999.00  330.13   0.37   14.48   -0.44
 7700  -999.00  330.48   0.35   14.81   -0.34
 7800  -999.00  330.82   0.34   15.16   -0.23
 7900  -999.00  331.16   0.32   15.54   -0.11
 8000  -999.00  331.51   0.30   15.94    0.02
 8100  -999.00  331.87   0.28   16.37    0.15
 8200  -999.00  332.22   0.27   16.83    0.29
 8300  -999.00  332.59   0.25   17.31    0.44
 8400  -999.00  332.96   0.24   17.82    0.59
 8500  -999.00  333.34   0.22   18.35    0.74
 8600  -999.00  333.74   0.21   18.91    0.91
 8700  -999.00  334.14   0.20   19.49    1.07
 8800  -999.00  334.55   0.18   20.09    1.25
 8900  -999.00  334.97   0.17   20.71    1.42
 9000  -999.00  335.39   0.16   21.34    1.61
 9100  -999.00  335.83   0.15   21.98    1.80
 9200  -999.00  336.26   0.15   22.62    2.00
 9300  -999.00  336.70   0.14   23.28    2.20
 9400  -999.00  337.14   0.13   23.93    2.42
 9500  -999.00  337.58   0.12   24.58    2.64
 9600  -999.00  338.02   0.12   25.22    2.87
 9700  -999.00  338.46   0.11   25.85    3.11
 9800  -999.00  338.89   0.11   26.48    3.35
 9900  -999.00  339.33   0.10   27.09    3.60
10000  -999.00  339.75   0.10   27.68    3.86
10100  -999.00  340.17   0.09   28.26    4.12
10200  -999.00  340.59   0.09   28.81    4.38
10300  -999.00  341.00   0.09   29.35    4.64
10400  -999.00  341.39   0.08   29.87    4.90
10500  -999.00  341.78   0.08   30.35    5.15
10600  -999.00  342.16   0.08   30.82    5.40
10700  -999.00  342.53   0.07   31.25    5.65
10800  -999.00  342.88   0.07   31.65    5.88
10900  -999.00  343.22   0.07   32.02    6.11
11000  -999.00  343.54   0.07   32.36    6.32
11100  -999.00  343.86   0.06   32.66    6.53
11200  -999.00  344.16   0.06   32.93    6.71
11300  -999.00  344.47   0.06   33.18    6.87
11400  -999.00  344.77   0.05   33.40    7.01
11500  -999.00  345.08   0.05   33.60    7.13
11600  -999.00  345.40   0.05   33.78    7.21
11700  -999.00  345.73   0.04   33.93    7.26
11800  -999.00  346.06   0.04   34.07    7.28
11900  -999.00  346.41   0.04   34.18    7.26
12000  -999.00  346.76   0.03   34.28    7.21
12100  -999.00  347.13   0.03   34.35    7.12
12200  -999.00  347.50   0.03   34.40    7.00
12300  -999.00  347.88   0.03   34.43    6.83
12400  -999.00  348.26   0.02   34.43    6.63
12500  -999.00  348.66   0.02   34.41    6.39
12600  -999.00  349.06   0.02   34.36    6.12
12700  -999.00  349.47   0.02   34.29    5.82
12800  -999.00  349.89   0.02   34.20    5.48
12900  -999.00  350.33   0.01   34.09    5.12
13000  -999.00  350.77   0.01   33.96    4.74
13100  -999.00  351.22   0.01   33.80    4.34
13200  -999.00  351.68   0.01   33.63    3.93
13300  -999.00  352.15   0.01   33.44    3.50
13400  -999.00  352.64   0.01   33.22    3.06
13500  -999.00  353.14   0.01   32.99    2.62
13600  -999.00  353.65   0.01   32.73    2.18
13700  -999.00  354.18   0.01   32.44    1.75
13800  -999.00  354.71   0.01   32.13    1.32
13900  -999.00  355.26   0.01   31.79    0.91
14000  -999.00  355.83   0.01   31.41    0.52
14100  -999.00  356.41   0.01   31.01    0.15
14200  -999.00  357.00   0.01   30.57   -0.20
14300  -999.00  357.60   0.01   30.09   -0.52
14400  -999.00  358.23   0.00   29.59   -0.81
14500  -999.00  358.86   0.00   29.06   -1.07
14600  -999.00  359.51   0.00   28.50   -1.31
14700  -999.00  360.18   0.00   27.93   -1.52
14800  -999.00  360.86   0.00   27.34   -1.71
14900  -999.00  361.56   0.00   26.73   -1.88
15000  -999.00  362.27   0.00   26.12   -2.03
15100  -999.00  363.00   0.00   25.50   -2.16
15200  -999.00  363.74   0.00   24.87   -2.27
15300  -999.00  364.51   0.00   24.25   -2.37
15400  -999.00  365.29   0.00   23.63   -2.45
15500  -999.00  366.09   0.00   23.01   -2.51
15600  -999.00  366.93   0.00   22.39   -2.56
15700  -999.00  367.80   0.00   21.78   -2.60
15800  -999.00  368.70   0.00   21.16   -2.63
15900  -999.00  369.65   0.00   20.54   -2.65
16000  -999.00  370.64   0.00   19.92   -2.66
16100  -999.00  371.68   0.00   19.30   -2.67
16200  -999.00  372.77   0.00   18.68   -2.67
16300  -999.00  373.93   0.00   18.06   -2.66
16400  -999.00  375.15   0.00   17.44   -2.65
16500  -999.00  376.43   0.00   16.81   -2.64
16600  -999.00  377.79   0.00   16.18   -2.63
16700  -999.00  379.22   0.00   15.55   -2.62
16800  -999.00  380.73   0.00   14.91   -2.61
16900  -999.00  382.30   0.00   14.28   -2.59
17000  -999.00  383.95   0.00   13.64   -2.58
17100  -999.00  385.67   0.00   13.01   -2.56
17200  -999.00  387.46   0.00   12.38   -2.55
17300  -999.00  389.32   0.00   11.75   -2.53
17400  -999.00  391.26   0.00   11.13   -2.51
17500  -999.00  393.26   0.00   10.51   -2.49
17600  -999.00  395.34   0.00    9.90   -2.47
17700  -999.00  397.48   0.00    9.29   -2.45
17800  -999.00  399.69   0.00    8.69   -2.42
17900  -999.00  401.97   0.00    8.11   -2.40
18000  -999.00  404.32   0.00    7.53   -2.37
18100  -999.00  406.74   0.00    6.96   -2.34
18200  -999.00  409.23   0.00    6.40   -2.31
18300  -999.00  411.78   0.00    5.86   -2.27
18400  -999.00  414.40   0.00    5.32   -2.23
18500  -999.00  417.08   0.00    4.81   -2.19
18600  -999.00  419.84   0.00    4.31   -2.15
18700  -999.00  422.66   0.00    3.82   -2.10
18800  -999.00  425.54   0.00    3.35   -2.05
18900  -999.00  428.49   0.00    2.90   -2.00
19000  -999.00  431.50   0.00    2.47   -1.94
19100  -999.00  434.58   0.00    2.06   -1.88
19200  -999.00  437.72   0.00    1.67   -1.82
19300  -999.00  440.93   0.00    1.30   -1.75
19400  -999.00  444.20   0.00    0.96   -1.68
19500  -999.00  447.53   0.00    0.63   -1.61
19600  -999.00  450.93   0.00    0.34   -1.53
19700  -999.00  454.39   0.00    0.06   -1.45
19800  -999.00  457.91   0.00   -0.18   -1.36
19900  -999.00  461.49   0.00   -0.40   -1.27
20000  -999.00  465.13   0.00   -0.59   -1.17
20100  -999.00  468.83   0.00   -0.75   -1.07
20200  -999.00  472.60   0.00   -0.88   -0.97
20300  -999.00  476.42   0.00   -0.98   -0.85
20400  -999.00  480.30   0.00   -1.05   -0.74
20500  -999.00  484.24   0.00   -1.08   -0.62
20600  -999.00  488.25   0.00   -1.08   -0.49
20700  -999.00  492.31   0.00   -1.04   -0.36
20800  -999.00  496.42   0.00   -0.97   -0.22
20900  -999.00  500.60   0.00   -0.87   -0.08
21000  -999.00  504.83   0.00   -0.72    0.07
21100  -999.00  509.12   0.00   -0.54    0.23
21200  -999.00  513.47   0.00   -0.31    0.39
21300  -999.00  517.87   0.00   -0.05    0.56
21400  -999.00  522.33   0.00    0.26    0.73
21500  -999.00  526.85   0.00    0.60    0.91
21600  -999.00  531.42   0.00    0.99    1.10
21700  -999.00  536.04   0.00    1.43    1.29
21800  -999.00  540.72   0.00    1.91    1.49
21900  -999.00  545.46   0.00    2.44    1.70
22000  -999.00  550.25   0.00    3.01    1.91
22100  -999.00  555.09   0.00    3.63    2.14
22200  -999.00  559.98   0.00    4.30    2.37
22300  -999.00  564.93   0.00    5.02    2.60
22400  -999.00  569.93   0.00    5.79    2.85
22500  -999.00  574.98   0.00    6.61    3.10
22600  -999.00  580.08   0.00    7.49    3.36
22700  -999.00  585.24   0.00    8.42    3.63
22800  -999.00  590.44   0.00    9.40    3.91
22900  -999.00  595.70   0.00   10.44    4.19
23000  -999.00  601.00   0.00   11.54    4.49
23100  -999.00  606.36   0.00   12.69    4.79
23200  -999.00  611.77   0.00   13.90    5.10
23300  -999.00  617.22   0.00   15.17    5.42
23400  -999.00  622.72   0.00   16.50    5.75
23500  -999.00  628.27   0.00   17.89    6.08
23600  -999.00  633.87  -0.00   19.34    6.43
23700  -999.00  639.52  -0.00   20.86    6.79
23800  -999.00  645.21  -0.00   22.43    7.15
23900  -999.00  650.95  -0.00   24.08    7.53
24000  -999.00  656.74  -0.00   25.79    7.91
24100  -999.00  662.57  -0.00   27.56    8.31
24200  -999.00  668.45  -0.00   29.41    8.71
24300  -999.00  674.38  -0.00   31.32    9.12
24400  -999.00  680.35  -0.00   33.30    9.55
24500  -999.00  686.36  -0.00   35.35    9.98
24600  -999.00  692.42  -0.00   37.48   10.43
24700  -999.00  698.52  -0.00   39.67   10.89
24800  -999.00  704.67  -0.00   41.94   11.35
24900  -999.00  710.86  -0.00   44.29   11.83
25000  -999.00  717.09  -0.00   46.70   12.32
25100  -999.00  723.36  -0.00   49.20   12.82
25200  -999.00  729.68  -0.00   51.77   13.33
25300  -999.00  736.04  -0.00   54.42   13.85
25400  -999.00  742.44  -0.00   57.14   14.39
25500  -999.00  748.88  -0.01   59.95   14.93
25600  -999.00  755.36  -0.01   62.84   15.49
25700  -999.00  761.88  -0.01   65.81   16.06
25800  -999.00  768.44  -0.01   68.86   16.64
25900  -999.00  775.04  -0.01   71.99   17.23
26000  -999.00  781.68  -0.01   75.21   17.84
26100  -999.00  788.36  -0.01   78.52   18.45
26200  -999.00  795.08  -0.01   81.91   19.08
26300  -999.00  801.83  -0.01   85.39   19.73
26400  -999.00  808.63  -0.01   88.95   20.38
26500  -999.00  815.46  -0.01   92.61   21.05
26600  -999.00  822.32  -0.01   96.35   21.73
26700  -999.00  829.23  -0.01  100.19   22.43
26800  -999.00  836.17  -0.01  104.12   23.14
26900  -999.00  843.14  -0.01  108.14   23.86
27000  -999.00  850.16  -0.01  112.25   24.59
27100  -999.00  857.20  -0.01  116.46   25.34
27200  -999.00  864.28  -0.01  120.76   26.10
27300  -999.00  871.40  -0.01  125.16   26.88
27400  -999.00  878.55  -0.02  129.66   27.67
27500  -999.00  885.73  -0.02  134.26   28.47
27600  -999.00  892.95  -0.02  138.96   29.29
27700  -999.00  900.20  -0.02  143.75   30.13
27800  -999.00  907.48  -0.02  148.65   30.97
27900  -999.00  914.79  -0.02  153.65   31.84
28000  -999.00  922.14  -0.02  158.75   32.71
28100  -999.00  929.52  -0.02  163.96   33.61
28200  -999.00  936.93  -0.02  169.27   34.51
28300  -999.00  944.37  -0.02  174.68   35.43
28400  -999.00  951.84  -0.02  180.21   36.37
28500  -999.00  959.33  -0.02  185.84   37.33
28600  -999.00  966.86  -0.02  191.58   38.29
28700  -999.00  974.42  -0.02  197.43   39.28
28800  -999.00  982.01  -0.03  203.39   40.28
28900  -999.00  989.63  -0.03  209.46   41.29
29000  -999.00  997.27  -0.03  215.64   42.33
29100  -999.00  1004.94  -0.03  221.94   43.37
29200  -999.00  1012.64  -0.03  228.35   44.44
29300  -999.00  1020.37  -0.03  234.88   45.52
29400  -999.00  1028.12  -0.03  241.52   46.62
29500  -999.00  1035.90  -0.03  248.28   47.73
29600  -999.00  1043.71  -0.03  255.16   48.86
29700  -999.00  1051.54  -0.03  262.15   50.01
29800  -999.00  1059.39  -0.04  269.27   51.18
29900  -999.00  1067.27  -0.04  276.51   52.36
30000  -999.00  1075.18  -0.04  283.86   53.56
30100  -999.00  1083.11  -0.04  291.35   54.78
30200  -999.00  1091.06  -0.04  298.95   56.01
30300  -999.00  1099.04  -0.04  306.68   57.26
30400  -999.00  1107.04  -0.04  314.53   58.54
30500  -999.00  1115.06  -0.04  322.51   59.82
30600  -999.00  1123.11  -0.04  330.62   61.13
30700  -999.00  1131.17  -0.05  338.86   62.46
30800  -999.00  1139.26  -0.05  347.22   63.80
30900  -999.00  1147.37  -0.05  355.72   65.16
31000  -999.00  1155.50  -0.05  364.35   66.54
31100  -999.00  1163.65  -0.05  373.11   67.94
31200  -999.00  1171.82  -0.05  382.00   69.36
31300  -999.00  1180.02  -0.05  391.02   70.79
31400  -999.00  1188.23  -0.06  400.18   72.25
31500  -999.00  1196.45  -0.06  409.48   73.73
31600  -999.00  1204.70  -0.06  418.91   75.22
31700  -999.00  1212.97  -0.06  428.48   76.74
31800  -999.00  1221.25  -0.06  438.19   78.27
31900  -999.00  1229.55  -0.06  448.04   79.82
32000  -999.00  1237.87  -0.06  458.02   81.40
32100  -999.00  1246.21  -0.07  468.15   82.99
32200  -999.00  1254.56  -0.07  478.42   84.60
32300  -999.00  1262.93  -0.07  488.84   86.24
32400  -999.00  1271.31  -0.07  499.40   87.89
32500  -999.00  1279.71  -0.07  510.10   89.57
32600  -999.00  1288.12  -0.07  520.95   91.26
32700  -999.00  1296.55  -0.08  531.95   92.98
32800  -999.00  1305.00  -0.08  543.09   94.72
32900  -999.00  1313.45  -0.08  554.38   96.48
33000  -999.00  1321.92  -0.08  565.83   98.26
33100  -999.00  1330.41  -0.08  577.42  100.06
33200  -999.00  1338.90  -0.08  589.17  101.88
33300  -999.00  1347.41  -0.09  601.06  103.72
33400  -999.00  1355.93  -0.09  613.11  105.59
33500  -999.00  1364.46  -0.09  625.32  107.48
33600  -999.00  1373.01  -0.09  637.68  109.39
33700  -999.00  1381.56  -0.09  650.20  111.32
33800  -999.00  1390.13  -0.10  662.87  113.27
33900  -999.00  1398.70  -0.10  675.70  115.25
34000  -999.00  1407.29  -0.10  688.69  117.25
34100  -999.00  1415.88  -0.10  701.84  119.27
34200  -999.00  1424.48  -0.10  715.16  121.31
34300  -999.00  1433.10  -0.11  728.63  123.38
34400  -999.00  1441.72  -0.11  742.26  125.47
34500  -999.00  1450.34  -0.11  756.06  127.58
34600  -999.00  1458.98  -0.11  770.03  129.71
34700  -999.00  1467.62  -0.12  784.16  131.87
34800  -999.00  1476.28  -0.12  798.46  134.06
34900  -999.00  1484.93  -0.12  812.92  136.26
35000  -999.00  1493.60  -0.12  827.55  138.49
35100  -999.00  1502.26  -0.13  842.35  140.75
35200  -999.00  1510.94  -0.13  857.32  143.02
35300  -999.00  1519.62  -0.13  872.47  145.33
35400  -999.00  1528.30  -0.13  887.78  147.65
35500  -999.00  1536.99  -0.14  903.27  150.00
35600  -999.00  1545.68  -0.14  918.93  152.38
35700  -999.00  1554.38  -0.14  934.77  154.78
35800  -999.00  1563.08  -0.14  950.78  157.20
35900  -999.00  1571.78  -0.15  966.97  159.65
36000  -999.00  1580.49  -0.15  983.34  162.12
36100  -999.00  1589.19  -0.15  999.88  164.62
36200  -999.00  1597.90  -0.15  1016.61  167.15
36300  -999.00  1606.61  -0.16  1033.51  169.70
36400  -999.00  1615.32  -0.16  1050.60  172.27
36500  -999.00  1624.04  -0.16  1067.87  174.88
36600  -999.00  1632.75  -0.16  1085.32  177.50
36700  -999.00  1641.46  -0.17  1102.96  180.16
36800  -999.00  1650.17  -0.17  1120.78  182.83
36900  -999.00  1658.88  -0.17  1138.79  185.54
37000  -999.00  1667.59  -0.18  1156.98  188.27
37100  -999.00  1676.30  -0.18  1175.37  191.03
37200  -999.00  1685.01  -0.18  1193.94  193.81
37300  -999.00  1693.71  -0.19  1212.70  196.62
37400  -999.00  1702.41  -0.19  1231.65  199.46
37500  -999.00  1711.11  -0.19  1250.80  202.33
37600  -999.00  1719.81  -0.19  1270.13  205.22
37700  -999.00  1728.50  -0.20  1289.66  208.14
37800  -999.00  1737.19  -0.20  1309.39  211.08
37900  -999.00  1745.87  -0.20  1329.31  214.06
38000  -999.00  1754.55  -0.21  1349.43  217.06
38100  -999.00  1763.22  -0.21  1369.74  220.08
38200  -999.00  1771.89  -0.21  1390.25  223.14
38300  -999.00  1780.55  -0.22  1410.96  226.23
38400  -999.00  1789.20  -0.22  1431.87  229.34
38500  -999.00  1797.85  -0.23  1452.99  232.48
38600  -999.00  1806.49  -0.23  1474.30  235.65
38700  -999.00  1815.13  -0.23  1495.82  238.85
38800  -999.00  1823.75  -0.24  1517.54  242.07
38900  -999.00  1832.37  -0.24  1539.46  245.33
39000  -999.00  1840.98  -0.24  1561.59  248.61
39100  -999.00  1849.58  -0.25  1583.93  251.92
39200  -999.00  1858.17  -0.25  1606.48  255.26
39300  -999.00  1866.76  -0.25  1629.23  258.63
39400  -999.00  1875.33  -0.26  1652.19  262.04
39500  -999.00  1883.89  -0.26  1675.37  265.46
39600  -999.00  1892.44  -0.27  1698.75  268.92
39700  -999.00  1900.98  -0.27  1722.35  272.41
39800  -999.00  1909.51  -0.27  1746.16  275.93
39900  -999.00  1918.03  -0.28  1770.18  279.48
40000  -999.00  1926.53  -0.28  1794.42  283.06
