z[m] p[mb] tp[K] q[g/kg] u[m/s] v[m/s]
336.0, 178, 1015.40 day, levels, pres0
  20.0  -999.00  297.90  15.94   -9.86   -3.80
  60.0  -999.00  297.90  15.82   -9.78   -3.80
 100.0  -999.00  297.90  15.70   -9.70   -3.80
 140.0  -999.00  297.90  15.58   -9.62   -3.80
 180.0  -999.00  297.90  15.47   -9.54   -3.80
 220.0  -999.00  297.90  15.35   -9.46   -3.80
 260.0  -999.00  297.90  15.24   -9.38   -3.80
 300.0  -999.00  297.90  15.12   -9.30   -3.80
 340.0  -999.00  297.90  15.00   -9.22   -3.80
 380.0  -999.00  297.90  14.87   -9.14   -3.80
 420.0  -999.00  297.90  14.75   -9.06   -3.80
 460.0  -999.00  297.90  14.63   -8.98   -3.80
 500.0  -999.00  297.90  14.51   -8.90   -3.80
 540.0  -999.00  297.90  14.39   -8.82   -3.80
 580.0  -999.00  297.90  14.28   -8.74   -3.80
 620.0  -999.00  297.90  14.16   -8.66   -3.80
 660.0  -999.00  297.90  14.04   -8.58   -3.80
 700.0  -999.00  297.90  13.92   -8.50   -3.80
 740.0  -999.00  298.04  13.78   -8.42   -3.80
 780.0  -999.00  298.18  13.65   -8.34   -3.80
 820.0  -999.00  298.37  13.50   -8.26   -3.80
 860.0  -999.00  298.60  13.35   -8.18   -3.80
 900.0  -999.00  298.84  13.20   -8.10   -3.80
 940.0  -999.00  299.07  13.05   -8.02   -3.80
 980.0  -999.00  299.30  12.90   -7.94   -3.80
1020.0  -999.00  299.54  12.76   -7.86   -3.80
1060.0  -999.00  299.77  12.61   -7.78   -3.80
1100.0  -999.00  300.01  12.46   -7.70   -3.80
1140.0  -999.00  300.25  12.31   -7.62   -3.80
1180.0  -999.00  300.48  12.16   -7.54   -3.80
1220.0  -999.00  300.72  12.01   -7.46   -3.80
1260.0  -999.00  300.95  11.86   -7.38   -3.80
1300.0  -999.00  301.18  11.71   -7.30   -3.80
1340.0  -999.00  301.42  11.56   -7.22   -3.80
1380.0  -999.00  301.65  11.41   -7.14   -3.80
1420.0  -999.00  301.89  11.27   -7.06   -3.80
1460.0  -999.00  302.12  11.12   -6.98   -3.80
1500.0  -999.00  302.35  10.97   -6.90   -3.80
1540.0  -999.00  302.59  10.82   -6.82   -3.80
1580.0  -999.00  302.82  10.67   -6.74   -3.80
1620.0  -999.00  303.06  10.52   -6.66   -3.80
1660.0  -999.00  303.29  10.37   -6.58   -3.80
1700.0  -999.00  303.52  10.22   -6.50   -3.80
1740.0  -999.00  303.76  10.07   -6.42   -3.80
1780.0  -999.00  303.99   9.92   -6.34   -3.80
1820.0  -999.00  304.23   9.77   -6.26   -3.80
1860.0  -999.00  304.46   9.62   -6.18   -3.80
1900.0  -999.00  304.70   9.47   -6.10   -3.80
1940.0  -999.00  304.93   9.32   -6.02   -3.80
1980.0  -999.00  305.16   9.17   -5.94   -3.80
2020.0  -999.00  305.39   9.02   -5.85   -3.79
2060.0  -999.00  305.61   8.86   -5.76   -3.78
2100.0  -999.00  305.83   8.70   -5.66   -3.76
2140.0  -999.00  306.05   8.54   -5.57   -3.75
2180.0  -999.00  306.27   8.37   -5.47   -3.73
2220.0  -999.00  306.49   8.21   -5.37   -3.72
2260.0  -999.00  306.71   8.05   -5.27   -3.70
2300.0  -999.00  306.93   7.90   -5.17   -3.68
2340.0  -999.00  307.15   7.74   -5.07   -3.67
2380.0  -999.00  307.37   7.58   -4.96   -3.65
2420.0  -999.00  307.58   7.42   -4.86   -3.64
2460.0  -999.00  307.80   7.26   -4.75   -3.62
2500.0  -999.00  308.02   7.10   -4.65   -3.60
2540.0  -999.00  308.24   6.95   -4.54   -3.59
2580.0  -999.00  308.45   6.79   -4.43   -3.57
2620.0  -999.00  308.67   6.64   -4.32   -3.55
2660.0  -999.00  308.89   6.48   -4.22   -3.54
2700.0  -999.00  309.10   6.33   -4.11   -3.52
2740.0  -999.00  309.32   6.18   -4.00   -3.50
2780.0  -999.00  309.54   6.03   -3.89   -3.48
2820.0  -999.00  309.75   5.88   -3.78   -3.46
2860.0  -999.00  309.97   5.73   -3.66   -3.44
2900.0  -999.00  310.18   5.58   -3.55   -3.42
2940.0  -999.00  310.39   5.43   -3.44   -3.40
2980.0  -999.00  310.60   5.29   -3.33   -3.38
3020.0  -999.00  310.81   5.06   -3.22   -3.36
3060.0  -999.00  311.02   4.77   -3.10   -3.34
3100.0  -999.00  311.23   4.48   -2.99   -3.32
3140.0  -999.00  311.44   4.49   -2.88   -3.30
3180.0  -999.00  311.65   4.49   -2.76   -3.28
3220.0  -999.00  311.85   4.44   -2.65   -3.26
3260.0  -999.00  312.06   4.33   -2.53   -3.24
3300.0  -999.00  312.26   4.22   -2.42   -3.22
3340.0  -999.00  312.46   4.16   -2.30   -3.20
3380.0  -999.00  312.66   4.09   -2.18   -3.18
3420.0  -999.00  312.86   4.02   -2.07   -3.16
3460.0  -999.00  313.07   3.95   -1.95   -3.14
3500.0  -999.00  313.27   3.88   -1.83   -3.13
3540.0  -999.00  313.47   3.81   -1.71   -3.11
3580.0  -999.00  313.67   3.74   -1.59   -3.09
3620.0  -999.00  313.87   3.67   -1.47   -3.07
3660.0  -999.00  314.07   3.60   -1.34   -3.05
3700.0  -999.00  314.27   3.52   -1.22   -3.03
3740.0  -999.00  314.47   3.45   -1.09   -3.01
3780.0  -999.00  314.68   3.38   -0.97   -2.99
3820.0  -999.00  314.88   3.31   -0.84   -2.97
3860.0  -999.00  315.08   3.24   -0.71   -2.94
3900.0  -999.00  315.29   3.17   -0.58   -2.92
3940.0  -999.00  315.50   3.10   -0.45   -2.90
3980.0  -999.00  315.70   3.03   -0.32   -2.88
4022.0  -999.00  315.92   2.95   -0.19   -2.85
4066.1  -999.00  316.15   2.87   -0.04   -2.83
4112.4  -999.00  316.39   2.80    0.11   -2.80
4161.0  -999.00  316.65   2.71    0.28   -2.78
4212.1  -999.00  316.91   2.63    0.45   -2.75
4265.7  -999.00  317.19   2.54    0.62   -2.72
4322.0  -999.00  317.48   2.45    0.81   -2.69
4381.1  -999.00  317.78   2.36    1.01   -2.66
4443.1  -999.00  318.10   2.27    1.21   -2.64
4508.3  -999.00  318.43   2.17    1.43   -2.61
4576.7  -999.00  318.77   2.07    1.65   -2.59
4648.5  -999.00  319.12   1.98    1.89   -2.57
4723.9  -999.00  319.48   1.88    2.14   -2.55
4803.1  -999.00  319.86   1.78    2.41   -2.54
4886.3  -999.00  320.25   1.68    2.70   -2.52
4973.6  -999.00  320.65   1.58    3.02   -2.50
5065.3  -999.00  321.06   1.48    3.38   -2.48
5161.6  -999.00  321.49   1.38    3.79   -2.46
5262.6  -999.00  321.93   1.28    4.25   -2.43
5368.8  -999.00  322.37   1.19    4.76   -2.39
5480.2  -999.00  322.83   1.09    5.34   -2.35
5597.2  -999.00  323.30   0.99    5.98   -2.28
5720.1  -999.00  323.76   0.90    6.68   -2.21
5849.1  -999.00  324.23   0.82    7.44   -2.10
5984.5  -999.00  324.70   0.74    8.26   -1.98
6126.8  -999.00  325.15   0.67    9.13   -1.82
6276.1  -999.00  325.60   0.61   10.03   -1.64
6432.9  -999.00  326.03   0.56   10.96   -1.43
6597.6  -999.00  326.57   0.52   11.71   -1.26
6770.4  -999.00  327.21   0.50   12.27   -1.12
6952.0  -999.00  327.86   0.47   12.78   -0.99
7142.6  -999.00  328.54   0.44   13.26   -0.84
7342.7  -999.00  329.24   0.41   13.76   -0.68
7552.8  -999.00  329.97   0.38   14.34   -0.49
7773.5  -999.00  330.73   0.34   15.06   -0.26
8005.1  -999.00  331.53   0.30   15.96    0.03
8248.4  -999.00  332.40   0.26   17.06    0.36
8503.8  -999.00  333.36   0.22   18.37    0.75
8772.0  -999.00  334.43   0.19   19.92    1.20
9053.6  -999.00  335.62   0.16   21.68    1.71
9349.3  -999.00  336.92   0.13   23.60    2.31
9659.7  -999.00  338.28   0.11   25.60    3.01
9985.7  -999.00  339.69   0.10   27.60    3.82
10328.0  -999.00  341.11   0.09   29.50    4.71
10687.4  -999.00  342.48   0.07   31.20    5.62
11064.8  -999.00  343.75   0.06   32.56    6.46
11461.0  -999.00  344.96   0.05   33.52    7.08
11877.1  -999.00  346.33   0.04   34.16    7.27
12313.9  -999.00  347.93   0.03   34.43    6.81
12772.6  -999.00  349.78   0.02   34.23    5.58
13254.2  -999.00  351.94   0.01   33.53    3.70
13760.0  -999.00  354.50   0.01   32.26    1.49
14291.0  -999.00  357.55   0.01   30.14   -0.49
14848.5  -999.00  361.19   0.00   27.04   -1.80
15433.9  -999.00  365.56   0.00   23.42   -2.47
16048.6  -999.00  371.14   0.00   19.62   -2.67
16694.1  -999.00  379.14   0.00   15.58   -2.62
17371.8  -999.00  390.71   0.00   11.30   -2.52
18083.3  -999.00  406.33   0.00    7.05   -2.34
18830.5  -999.00  426.43   0.00    3.21   -2.04
19615.0  -999.00  451.44   0.00    0.29   -1.52
20438.8  -999.00  481.82   0.00   -1.06   -0.69
21303.7  -999.00  518.04   0.00   -0.04    0.56
22211.9  -999.00  560.57   0.00    4.38    2.39
23165.5  -999.00  609.90   0.00   13.47    4.99
24166.8  -999.00  666.50  -0.00   28.79    8.57
25218.1  -999.00  730.83  -0.00   52.24   13.42
26322.0  -999.00  803.33  -0.01   86.16   19.87
27481.1  -999.00  884.37  -0.02  133.38   28.32
28698.2  -999.00  974.29  -0.02  197.32   39.26
29976.1  -999.00  1073.29  -0.04  282.09   53.27
31317.9  -999.00  1181.48  -0.05  392.65   71.05
32726.8  -999.00  1298.81  -0.08  534.92   93.44
34206.1  -999.00  1425.01  -0.10  715.97  121.44
35759.5  -999.00  1559.56  -0.14  944.28  156.22
37390.4  -999.00  1701.58  -0.19  1229.83  199.19
39103.0  -999.00  1849.84  -0.25  1584.60  252.02
40901.1  -999.00  2002.56  -0.32  2022.69  316.69
367.0, 178, 1015.40 day, levels, pres0
  20.0  -999.00  297.90  15.94   -9.86   -3.80
  60.0  -999.00  297.90  15.82   -9.78   -3.80
 100.0  -999.00  297.90  15.70   -9.70   -3.80
 140.0  -999.00  297.90  15.58   -9.62   -3.80
 180.0  -999.00  297.90  15.47   -9.54   -3.80
 220.0  -999.00  297.90  15.35   -9.46   -3.80
 260.0  -999.00  297.90  15.24   -9.38   -3.80
 300.0  -999.00  297.90  15.12   -9.30   -3.80
 340.0  -999.00  297.90  15.00   -9.22   -3.80
 380.0  -999.00  297.90  14.87   -9.14   -3.80
 420.0  -999.00  297.90  14.75   -9.06   -3.80
 460.0  -999.00  297.90  14.63   -8.98   -3.80
 500.0  -999.00  297.90  14.51   -8.90   -3.80
 540.0  -999.00  297.90  14.39   -8.82   -3.80
 580.0  -999.00  297.90  14.28   -8.74   -3.80
 620.0  -999.00  297.90  14.16   -8.66   -3.80
 660.0  -999.00  297.90  14.04   -8.58   -3.80
 700.0  -999.00  297.90  13.92   -8.50   -3.80
 740.0  -999.00  298.04  13.78   -8.42   -3.80
 780.0  -999.00  298.18  13.65   -8.34   -3.80
 820.0  -999.00  298.37  13.50   -8.26   -3.80
 860.0  -999.00  298.60  13.35   -8.18   -3.80
 900.0  -999.00  298.84  13.20   -8.10   -3.80
 940.0  -999.00  299.07  13.05   -8.02   -3.80
 980.0  -999.00  299.30  12.90   -7.94   -3.80
1020.0  -999.00  299.54  12.76   -7.86   -3.80
1060.0  -999.00  299.77  12.61   -7.78   -3.80
1100.0  -999.00  300.01  12.46   -7.70   -3.80
1140.0  -999.00  300.25  12.31   -7.62   -3.80
1180.0  -999.00  300.48  12.16   -7.54   -3.80
1220.0  -999.00  300.72  12.01   -7.46   -3.80
1260.0  -999.00  300.95  11.86   -7.38   -3.80
1300.0  -999.00  301.18  11.71   -7.30   -3.80
1340.0  -999.00  301.42  11.56   -7.22   -3.80
1380.0  -999.00  301.65  11.41   -7.14   -3.80
1420.0  -999.00  301.89  11.27   -7.06   -3.80
1460.0  -999.00  302.12  11.12   -6.98   -3.80
1500.0  -999.00  302.35  10.97   -6.90   -3.80
1540.0  -999.00  302.59  10.82   -6.82   -3.80
1580.0  -999.00  302.82  10.67   -6.74   -3.80
1620.0  -999.00  303.06  10.52   -6.66   -3.80
1660.0  -999.00  303.29  10.37   -6.58   -3.80
1700.0  -999.00  303.52  10.22   -6.50   -3.80
1740.0  -999.00  303.76  10.07   -6.42   -3.80
1780.0  -999.00  303.99   9.92   -6.34   -3.80
1820.0  -999.00  304.23   9.77   -6.26   -3.80
1860.0  -999.00  304.46   9.62   -6.18   -3.80
1900.0  -999.00  304.70   9.47   -6.10   -3.80
1940.0  -999.00  304.93   9.32   -6.02   -3.80
1980.0  -999.00  305.16   9.17   -5.94   -3.80
2020.0  -999.00  305.39   9.02   -5.85   -3.79
2060.0  -999.00  305.61   8.86   -5.76   -3.78
2100.0  -999.00  305.83   8.70   -5.66   -3.76
2140.0  -999.00  306.05   8.54   -5.57   -3.75
2180.0  -999.00  306.27   8.37   -5.47   -3.73
2220.0  -999.00  306.49   8.21   -5.37   -3.72
2260.0  -999.00  306.71   8.05   -5.27   -3.70
2300.0  -999.00  306.93   7.90   -5.17   -3.68
2340.0  -999.00  307.15   7.74   -5.07   -3.67
2380.0  -999.00  307.37   7.58   -4.96   -3.65
2420.0  -999.00  307.58   7.42   -4.86   -3.64
2460.0  -999.00  307.80   7.26   -4.75   -3.62
2500.0  -999.00  308.02   7.10   -4.65   -3.60
2540.0  -999.00  308.24   6.95   -4.54   -3.59
2580.0  -999.00  308.45   6.79   -4.43   -3.57
2620.0  -999.00  308.67   6.64   -4.32   -3.55
2660.0  -999.00  308.89   6.48   -4.22   -3.54
2700.0  -999.00  309.10   6.33   -4.11   -3.52
2740.0  -999.00  309.32   6.18   -4.00   -3.50
2780.0  -999.00  309.54   6.03   -3.89   -3.48
2820.0  -999.00  309.75   5.88   -3.78   -3.46
2860.0  -999.00  309.97   5.73   -3.66   -3.44
2900.0  -999.00  310.18   5.58   -3.55   -3.42
2940.0  -999.00  310.39   5.43   -3.44   -3.40
2980.0  -999.00  310.60   5.29   -3.33   -3.38
3020.0  -999.00  310.81   5.06   -3.22   -3.36
3060.0  -999.00  311.02   4.77   -3.10   -3.34
3100.0  -999.00  311.23   4.48   -2.99   -3.32
3140.0  -999.00  311.44   4.49   -2.88   -3.30
3180.0  -999.00  311.65   4.49   -2.76   -3.28
3220.0  -999.00  311.85   4.44   -2.65   -3.26
3260.0  -999.00  312.06   4.33   -2.53   -3.24
3300.0  -999.00  312.26   4.22   -2.42   -3.22
3340.0  -999.00  312.46   4.16   -2.30   -3.20
3380.0  -999.00  312.66   4.09   -2.18   -3.18
3420.0  -999.00  312.86   4.02   -2.07   -3.16
3460.0  -999.00  313.07   3.95   -1.95   -3.14
3500.0  -999.00  313.27   3.88   -1.83   -3.13
3540.0  -999.00  313.47   3.81   -1.71   -3.11
3580.0  -999.00  313.67   3.74   -1.59   -3.09
3620.0  -999.00  313.87   3.67   -1.47   -3.07
3660.0  -999.00  314.07   3.60   -1.34   -3.05
3700.0  -999.00  314.27   3.52   -1.22   -3.03
3740.0  -999.00  314.47   3.45   -1.09   -3.01
3780.0  -999.00  314.68   3.38   -0.97   -2.99
3820.0  -999.00  314.88   3.31   -0.84   -2.97
3860.0  -999.00  315.08   3.24   -0.71   -2.94
3900.0  -999.00  315.29   3.17   -0.58   -2.92
3940.0  -999.00  315.50   3.10   -0.45   -2.90
3980.0  -999.00  315.70   3.03   -0.32   -2.88
4022.0  -999.00  315.92   2.95   -0.19   -2.85
4066.1  -999.00  316.15   2.87   -0.04   -2.83
4112.4  -999.00  316.39   2.80    0.11   -2.80
4161.0  -999.00  316.65   2.71    0.28   -2.78
4212.1  -999.00  316.91   2.63    0.45   -2.75
4265.7  -999.00  317.19   2.54    0.62   -2.72
4322.0  -999.00  317.48   2.45    0.81   -2.69
4381.1  -999.00  317.78   2.36    1.01   -2.66
4443.1  -999.00  318.10   2.27    1.21   -2.64
4508.3  -999.00  318.43   2.17    1.43   -2.61
4576.7  -999.00  318.77   2.07    1.65   -2.59
4648.5  -999.00  319.12   1.98    1.89   -2.57
4723.9  -999.00  319.48   1.88    2.14   -2.55
4803.1  -999.00  319.86   1.78    2.41   -2.54
4886.3  -999.00  320.25   1.68    2.70   -2.52
4973.6  -999.00  320.65   1.58    3.02   -2.50
5065.3  -999.00  321.06   1.48    3.38   -2.48
5161.6  -999.00  321.49   1.38    3.79   -2.46
5262.6  -999.00  321.93   1.28    4.25   -2.43
5368.8  -999.00  322.37   1.19    4.76   -2.39
5480.2  -999.00  322.83   1.09    5.34   -2.35
5597.2  -999.00  323.30   0.99    5.98   -2.28
5720.1  -999.00  323.76   0.90    6.68   -2.21
5849.1  -999.00  324.23   0.82    7.44   -2.10
5984.5  -999.00  324.70   0.74    8.26   -1.98
6126.8  -999.00  325.15   0.67    9.13   -1.82
6276.1  -999.00  325.60   0.61   10.03   -1.64
6432.9  -999.00  326.03   0.56   10.96   -1.43
6597.6  -999.00  326.57   0.52   11.71   -1.26
6770.4  -999.00  327.21   0.50   12.27   -1.12
6952.0  -999.00  327.86   0.47   12.78   -0.99
7142.6  -999.00  328.54   0.44   13.26   -0.84
7342.7  -999.00  329.24   0.41   13.76   -0.68
7552.8  -999.00  329.97   0.38   14.34   -0.49
7773.5  -999.00  330.73   0.34   15.06   -0.26
8005.1  -999.00  331.53   0.30   15.96    0.03
8248.4  -999.00  332.40   0.26   17.06    0.36
8503.8  -999.00  333.36   0.22   18.37    0.75
8772.0  -999.00  334.43   0.19   19.92    1.20
9053.6  -999.00  335.62   0.16   21.68    1.71
9349.3  -999.00  336.92   0.13   23.60    2.31
9659.7  -999.00  338.28   0.11   25.60    3.01
9985.7  -999.00  339.69   0.10   27.60    3.82
10328.0  -999.00  341.11   0.09   29.50    4.71
10687.4  -999.00  342.48   0.07   31.20    5.62
11064.8  -999.00  343.75   0.06   32.56    6.46
11461.0  -999.00  344.96   0.05   33.52    7.08
11877.1  -999.00  346.33   0.04   34.16    7.27
12313.9  -999.00  347.93   0.03   34.43    6.81
12772.6  -999.00  349.78   0.02   34.23    5.58
13254.2  -999.00  351.94   0.01   33.53    3.70
13760.0  -999.00  354.50   0.01   32.26    1.49
14291.0  -999.00  357.55   0.01   30.14   -0.49
14848.5  -999.00  361.19   0.00   27.04   -1.80
15433.9  -999.00  365.56   0.00   23.42   -2.47
16048.6  -999.00  371.14   0.00   19.62   -2.67
16694.1  -999.00  379.14   0.00   15.58   -2.62
17371.8  -999.00  390.71   0.00   11.30   -2.52
18083.3  -999.00  406.33   0.00    7.05   -2.34
18830.5  -999.00  426.43   0.00    3.21   -2.04
19615.0  -999.00  451.44   0.00    0.29   -1.52
20438.8  -999.00  481.82   0.00   -1.06   -0.69
21303.7  -999.00  518.04   0.00   -0.04    0.56
22211.9  -999.00  560.57   0.00    4.38    2.39
23165.5  -999.00  609.90   0.00   13.47    4.99
24166.8  -999.00  666.50  -0.00   28.79    8.57
25218.1  -999.00  730.83  -0.00   52.24   13.42
26322.0  -999.00  803.33  -0.01   86.16   19.87
27481.1  -999.00  884.37  -0.02  133.38   28.32
28698.2  -999.00  974.29  -0.02  197.32   39.26
29976.1  -999.00  1073.29  -0.04  282.09   53.27
31317.9  -999.00  1181.48  -0.05  392.65   71.05
32726.8  -999.00  1298.81  -0.08  534.92   93.44
34206.1  -999.00  1425.01  -0.10  715.97  121.44
35759.5  -999.00  1559.56  -0.14  944.28  156.22
37390.4  -999.00  1701.58  -0.19  1229.83  199.19
39103.0  -999.00  1849.84  -0.25  1584.60  252.02
40901.1  -999.00  2002.56  -0.32  2022.69  316.69
